7.202749225158566E-61
1.0642043565476303E-60
7.964971215079382E-61
1.0150878441562196E-61
1.619331829282619E-59
3.8542052039835535E-62
5.072090778540836E-62
1.5508287529220557E-60
8.28631054056919E-61
1.1873736233762516E-62
5.610608840763445E-62
1.0562551200541023E-61
2.0676327091982295E-61
7.50177497015048E-61
3.8974177216311756E-59
2.7274730635507053E-62
4.87909071387706E-61
4.3888431412570035E-61
5.066758207738879E-62
5.867003930540362E-63
4.2164848313549E-60
3.118579242895319E-61
3.144650394784544E-62
7.46821387711569E-60
6.0905556368903505E-61
3.2660135918098894E-60
1.0423143130499984E-61
5.3598051125135115E-62
1.592510842566965E-61
1.0982849245791793E-61
7.264655926125753E-62
2.187043050285146E-61
2.1378416589844665E-61
4.338251768831813E-62
2.2617673880929596E-62
1.1758148948449552E-59
6.631744443602538E-62
3.9461174174191726E-61
5.917685036183089E-63
3.46348560080033E-60
1.5043531323088608E-62
3.017730113386383E-60
4.46055893468242E-62
2.994014899512375E-62
6.828912956592284E-59
1.9010334581571556E-61
4.610449375519258E-61
3.2328423838617286E-60
9.138137282739248E-61
7.333663627517325E-62
