-9.622540146216965
-9.660151715641348
-9.622540146216965
-9.613477756506779
-9.618388904300419
-9.618388904300419
-9.540930146173537
-9.580777334876034
-9.618388904300419
-9.660151715641348
-9.655240567847708
-9.613477756506779
-9.660151715641348
-9.57854171559792
-9.613477756506779
-9.660151715641348
-9.618388904300419
-9.618388904300419
-9.618388904300419
-9.655240567847708
-9.618388904300419
-9.618388904300419
-9.655240567847708
-9.510149554423663
-9.622540146216965
-9.622540146216965
-9.655240567847708
-9.660151715641348
-9.598176917376598
-9.655240567847708
-9.582692957514466
-9.468386743082732
-9.660151715641348
-9.618388904300419
-9.613477756506779
-9.655240567847708
-9.660151715641348
-9.617628998423324
-9.464125489196615
-9.617628998423324
-9.660151715641348
-9.598176917376598
-9.660151715641348
-9.655240567847708
-9.660151715641348
-9.660151715641348
-9.468386743082734
-9.57854171559792
-9.660151715641348
-9.655240567847708
