1.4997597826618576E-32
1.4997597826618576E-32
1.4997597826618576E-32
1.4997597826618576E-32
1.4997597826618576E-32
1.4997597826618576E-32
1.4997597826618576E-32
1.4997597826618576E-32
1.4997597826618576E-32
1.4997597826618576E-32
1.4997597826618576E-32
1.4997597826618576E-32
1.4997597826618576E-32
1.4997597826618576E-32
1.4997597826618576E-32
1.4997597826618576E-32
1.4997597826618576E-32
1.4997597826618576E-32
1.4997597826618576E-32
1.4997597826618576E-32
1.4997597826618576E-32
1.4997597826618576E-32
1.4997597826618576E-32
1.4997597826618576E-32
1.4997597826618576E-32
1.4997597826618576E-32
1.4997597826618576E-32
1.4997597826618576E-32
1.4997597826618576E-32
1.4997597826618576E-32
1.4997597826618576E-32
1.4997597826618576E-32
1.4997597826618576E-32
1.4997597826618576E-32
1.4997597826618576E-32
1.4997597826618576E-32
1.4997597826618576E-32
1.4997597826618576E-32
1.4997597826618576E-32
1.4997597826618576E-32
1.4997597826618576E-32
1.4997597826618576E-32
1.4997597826618576E-32
1.4997597826618576E-32
1.4997597826618576E-32
1.4997597826618576E-32
1.4997597826618576E-32
1.4997597826618576E-32
1.4997597826618576E-32
1.4997597826618576E-32
