-17.563071902832778
-17.463136094821845
-18.871830259054885
-16.1329227099234
-17.04371096145136
-16.650780654939414
-16.966904550156297
-17.124909462500515
-18.35195258323783
-17.305887291097196
-17.61325340938374
-16.520314892391468
-17.234378080326213
-17.535361402331436
-16.767030760594253
-18.191824650937228
-18.792991113511903
-18.59158280878674
-18.328237489754066
-17.641692728354965
-18.0161089440276
-18.986572344465174
-15.672405576515324
-17.630077015470473
-17.651201387312152
-15.84214860874482
-16.97989529472
-16.709557499557153
-17.09136781020135
-17.900342254556563
-17.033095452824643
-18.496626965373846
-18.184116115904594
-17.003083499952485
-17.27216514320431
-17.669755713656684
-16.234359712965453
-18.307827672928774
-18.658100101442695
-18.225049157715034
-15.553886031724184
-16.126353917798856
-17.499059688132974
-16.526790991799217
-17.299605448372894
-16.89709703330263
-19.01491492451655
-16.345156785297966
-16.97910678445584
-16.852068050437648
