241.67567081708557
0.0
489.05514574379504
461.208292593793
118.43833461443774
2.3350777402383756
243.7653227123601
389.5597888439952
181.02444925894997
255.7757668158879
595.2257920965221
357.10412241221366
241.27925384513128
351.8088706055528
280.27444117125196
236.87666922887547
118.43833461443774
429.8098244567718
227.92499704649708
118.43833461443774
236.87666922887547
508.658680230712
502.2735650385289
475.2703979699181
392.8769834736904
246.09652533794088
211.54591490163375
119.26431235080145
264.1447907598904
0.0
261.36255863364886
636.7412608636214
118.43833461443774
236.87666922887547
278.14592597326555
49.495519253416205
265.2790920117941
239.09123729661724
131.11808391033583
236.87666922887547
17.20481148369072
118.43833461443774
239.4888934776409
127.06025430193131
548.7028445078231
118.43833461443774
0.0
476.78745748208394
307.579060007688
118.43833461443774
