3.9968028886505635E-15
3.9968028886505635E-15
4.440892098500626E-16
3.9968028886505635E-15
3.9968028886505635E-15
3.9968028886505635E-15
3.9968028886505635E-15
3.9968028886505635E-15
3.9968028886505635E-15
3.9968028886505635E-15
3.9968028886505635E-15
3.9968028886505635E-15
3.9968028886505635E-15
3.9968028886505635E-15
3.9968028886505635E-15
3.9968028886505635E-15
3.9968028886505635E-15
3.9968028886505635E-15
3.9968028886505635E-15
3.9968028886505635E-15
3.9968028886505635E-15
3.9968028886505635E-15
3.9968028886505635E-15
3.9968028886505635E-15
3.9968028886505635E-15
3.9968028886505635E-15
3.9968028886505635E-15
3.9968028886505635E-15
3.9968028886505635E-15
3.9968028886505635E-15
3.9968028886505635E-15
4.440892098500626E-16
3.9968028886505635E-15
3.9968028886505635E-15
3.9968028886505635E-15
3.9968028886505635E-15
3.9968028886505635E-15
3.9968028886505635E-15
3.9968028886505635E-15
3.9968028886505635E-15
3.9968028886505635E-15
3.9968028886505635E-15
3.9968028886505635E-15
3.9968028886505635E-15
3.9968028886505635E-15
3.9968028886505635E-15
3.9968028886505635E-15
3.9968028886505635E-15
3.9968028886505635E-15
3.9968028886505635E-15
