3.9968028886505635E-15
3.9968028886505635E-15
7.549516567451064E-15
3.9968028886505635E-15
7.549516567451064E-15
3.9968028886505635E-15
3.9968028886505635E-15
7.549516567451064E-15
3.9968028886505635E-15
7.549516567451064E-15
7.549516567451064E-15
3.9968028886505635E-15
7.549516567451064E-15
7.549516567451064E-15
3.9968028886505635E-15
7.549516567451064E-15
7.549516567451064E-15
7.549516567451064E-15
7.549516567451064E-15
3.9968028886505635E-15
7.549516567451064E-15
3.9968028886505635E-15
3.9968028886505635E-15
3.9968028886505635E-15
3.9968028886505635E-15
7.549516567451064E-15
3.9968028886505635E-15
7.549516567451064E-15
7.549516567451064E-15
7.549516567451064E-15
7.549516567451064E-15
7.549516567451064E-15
7.549516567451064E-15
7.549516567451064E-15
7.549516567451064E-15
3.9968028886505635E-15
3.9968028886505635E-15
3.9968028886505635E-15
7.549516567451064E-15
3.9968028886505635E-15
3.9968028886505635E-15
7.549516567451064E-15
7.549516567451064E-15
7.549516567451064E-15
7.549516567451064E-15
3.9968028886505635E-15
7.549516567451064E-15
3.9968028886505635E-15
3.9968028886505635E-15
3.9968028886505635E-15
