1.9899181141865796
0.0
0.0
0.0
0.9949590570932898
0.9949590570932898
0.0
4.474769355056196E-8
0.0
0.0
0.0
0.9949590570932969
0.9949590570932969
0.9949590570932898
0.9949590570932898
0.0
0.9949590570932969
0.9949590570932969
0.9949590570932898
0.9949590570932898
0.9949590570932969
0.0
0.0
0.0
0.0
0.0
0.9949590570932898
0.9949590570932898
0.9949590570932898
0.0
0.0
0.0
0.9949590570932969
1.9899181141865867
0.0
0.0
0.0
0.0
0.0
0.9949590570932898
0.0
0.0
1.7296702736757652E-8
0.0
0.0
0.0
0.9949590570932898
0.0
0.0
0.0
