46.66486876128571
40.378012256322734
38.081768546115796
40.31621072897796
38.39619446209072
29.26876991676587
35.6530064143467
43.4073507597596
49.19233294815301
52.183224202820846
23.80957829723487
30.023450857499753
29.427559162896845
53.38309926603271
59.912647665491185
52.41699869772681
49.35586284987325
28.207537304210035
52.25013270418998
49.00006297124979
49.39873225520682
30.7845600419393
32.80127625940283
40.23106780959398
24.474832720858075
43.458139124643345
38.25585193136626
35.15920299725752
42.34196022971497
52.531339133245666
37.19132695225291
38.07870775252243
39.60293653843111
50.615944478959825
37.04699722927587
51.81213573200441
44.93305513727129
47.9303170114445
49.10464090205945
37.501679966335814
43.746165737526724
39.69795849098409
40.88960421454316
36.16119543458635
42.88994175551556
23.29255998194766
59.20822110832059
54.34730014902925
50.57952388013617
47.11933512562306
