-1512.3517446849582
-1488.0534974910552
-1514.9371812715835
-1482.1486759228865
-1462.3918837916863
-1511.169463301776
-1512.1335743620875
-1492.053061798535
-1456.2679133383208
-1425.7820838627667
-1498.232742218097
-1296.4553058305755
-1493.7089772356558
-1483.8900867416232
-1476.2171037969529
-1504.9533985856106
-1518.9698079797236
-1481.0071597013011
-1471.4785024262237
-1484.637423990178
-1417.398934692712
-1505.3489124150947
-1516.2219456100283
-1497.3690013021842
-1468.99909729902
-793.6014331150072
-1474.0146617973078
-1500.6771948789392
-1518.8763455823646
-1506.0358788114245
-1317.8305698844051
-689.0005978177796
-1517.8702063628298
-1486.696823189457
-653.7752595452184
-1473.4069349835918
-1512.3570685230516
-1507.2741006707802
-245.4730638541805
-1519.9385583611147
239.7431543727289
-1380.6661302695356
-1514.683126359174
-1517.9416687001649
-1518.2272064076387
-1511.7982529255096
-1483.0348953483626
-1518.8228490117763
-1515.0772699751833
-1415.3108992068737
