1916.8888070763041
1758.9853545994174
1248.9541282757818
1004.8389448165526
1688.9911904273904
1193.3625180076779
937.5505006778985
1597.5634183215097
1349.7085235171362
1375.8482532182625
2469.761730728598
2423.2330135108696
1801.1933280816575
1199.452436505986
1191.8604040668124
1076.5656058336936
1431.7690403941397
1317.930982343929
2166.327220144607
1031.0484735122172
1629.8032983986304
982.904006965342
1388.4863097625257
1400.6067282085514
1102.700639504501
1217.6792602552778
1182.3422445895449
1707.7550650154953
3137.1994335435065
1456.6613284935356
1563.743419278886
1547.059572692524
1803.1475255235546
1265.015552594914
808.2412722221525
1325.1772501342439
740.1532947199285
1492.9584616356424
859.1599464360988
1703.4372251801797
1821.7505594279664
2871.4942727213165
1198.5081339078697
2020.7471300652287
1112.724179795332
1202.8124768905054
655.8565204252045
1729.6411525784006
978.4231683744038
1538.179705917697
