0.0
0.01967773455824906
0.0
0.0
0.0
0.007396040334114895
0.0
0.007396040334114895
0.022141438644517453
0.0
0.007396040334116227
0.007396040334115006
0.00985728460782076
0.0
0.00985728460782076
0.007396040334115006
0.01733311426130002
0.007396040334115006
0.0
0.01231607251926159
0.00985728460782076
0.007396040334114895
0.03575920790704956
0.0
0.0
0.007396040334114895
0.0246370610601635
0.0
0.022156143668715322
0.00985728460782076
0.0
0.062480825385328176
0.0
0.014779776754825669
0.022141438644517453
0.0
0.0
0.007396040334114895
7.531054191378672E-8
0.009864672061006163
0.007396040334115006
0.0
0.0
0.00985728460782076
0.01231607251926159
0.012320988875106798
0.009864672061006163
0.007396040334115006
0.0
0.014772407722822956
