i4.101934962404634
3.0000037192845235
2.6990070670193695
1.3890286659613365
4.526061128689723
3.5872571602970336
4.832542242632168
3.0766402168725944
4.000208784684845
3.2657835476984047
3.3555835071454596
3.7417759184164567
3.6562850104277893
2.25895014830276
3.577625880650367
0.5263537405163652
2.4440689087064453
2.1996772810988547
2.5654707412612194
2.461234177404333
2.8577589988829217
0.7507361861854149
3.8434159110594983
2.902654778594772
2.497428880155205
2.529468342667812
0.4490060381460991
1.2776392358398239
3.0582966730372796
3.198265704497293
6.79659713976349E-5
2.9264898131794936
4.212212016325801
3.1807951959132286
2.541789779039386
3.271062690389969
3.3595449261206936
3.493035497233208
2.649740818486384
1.9780089863292245
4.168112925358619
2.7540498144695693
3.1295280651754926
1.9614575864116253
1.1293950784359108
2.9059637711303217
3.16087193592234
2.597880123414275
4.260660402056588
4.306106130663383
