-1146.7115330161676
-1174.9849711131424
-1160.848252064655
-1174.9849711131426
-1174.9849711131424
-1160.848252064655
-1174.9849711131426
-1146.7115330161676
-1174.9849711131426
-1174.9849711131424
-1174.9849711131424
-1174.9849711131426
-1174.9849711131426
-1174.9849711131424
-1174.9849711131426
-1174.9849711131424
-1160.848252064655
-1160.848252064655
-1174.9849711131426
-1146.7115330161676
-1160.8482520646548
-1174.9849711131424
-1174.9849711131426
-1146.7115330161676
-1174.9849711131426
-1160.8482520646548
-1174.9849711131424
-1160.8482520646548
-1174.9849711131426
-1174.9849711131424
-1160.848252064655
-1160.848252064655
-1174.9849711131426
-1174.9849711131426
-1174.9849711131424
-1160.848252064655
-1174.9849711131424
-1160.848252064655
-1174.9849711131424
-1174.9849711131424
-1174.9849711131424
-1160.848252064655
-1174.9849711131426
-1174.9849711131424
-1174.9849711131426
-1174.9849711131426
-1160.848252064655
-1174.9849711131426
-1174.9849711131426
-1160.848252064655
