-783.3233140754284
-769.1865950269408
-783.3233140754284
-783.3233140754284
-783.3233140754284
-783.3233140754284
-769.1865950269408
-783.3233140754284
-783.3233140754284
-783.3233140754284
-783.3233140754284
-783.3233140754284
-783.3233140754284
-783.3233140754284
-783.3233140754284
-783.3233140754284
-769.1865950269408
-783.3233140754284
-783.3233140754284
-783.3233140754284
-783.3233140754284
-783.3233140754284
-769.186595026941
-783.3233140754284
-783.3233140754284
-783.3233140754284
-783.3233140754284
-783.3233140754284
-783.3233140754284
-783.3233140754284
-783.3233140754284
-783.3233140754284
-769.1865950269408
-783.3233140754284
-783.3233140754284
-783.3233140754284
-783.3233140754284
-783.3233140754284
-783.3233140754284
-783.3233140754282
-783.3233140754284
-783.3233140754284
-783.3233140754284
-783.3233140754284
-783.3233140754284
-783.3233140754284
-783.3233140754284
-783.3233140754284
-783.3233140754284
-783.3233140754284
