3.9968028886505635E-15
3.9968028886505635E-15
3.9968028886505635E-15
3.9968028886505635E-15
3.9968028886505635E-15
3.9968028886505635E-15
3.9968028886505635E-15
3.9968028886505635E-15
3.9968028886505635E-15
3.9968028886505635E-15
3.9968028886505635E-15
3.9968028886505635E-15
3.9968028886505635E-15
3.9968028886505635E-15
3.9968028886505635E-15
3.9968028886505635E-15
3.9968028886505635E-15
3.9968028886505635E-15
3.9968028886505635E-15
3.9968028886505635E-15
3.9968028886505635E-15
3.9968028886505635E-15
3.9968028886505635E-15
3.9968028886505635E-15
3.9968028886505635E-15
3.9968028886505635E-15
3.9968028886505635E-15
3.9968028886505635E-15
3.9968028886505635E-15
3.9968028886505635E-15
3.9968028886505635E-15
3.9968028886505635E-15
3.9968028886505635E-15
3.9968028886505635E-15
3.9968028886505635E-15
3.9968028886505635E-15
3.9968028886505635E-15
3.9968028886505635E-15
3.9968028886505635E-15
3.9968028886505635E-15
3.9968028886505635E-15
3.9968028886505635E-15
3.9968028886505635E-15
3.9968028886505635E-15
3.9968028886505635E-15
3.9968028886505635E-15
3.9968028886505635E-15
3.9968028886505635E-15
3.9968028886505635E-15
3.9968028886505635E-15
