-209.9999999998272
-209.99999999999636
-209.99977346194828
-209.99999292957182
-209.99999999998545
-209.9999984304077
-209.9999999985057
-209.9999984607757
-209.99999879656025
-210.0000000000009
-209.99999978957112
-209.99999999978627
-209.9999999993206
-209.99999978906635
-209.99999924477834
-210.0
-209.99999999966985
-209.99992905307136
-210.0000000000009
-209.9999999999991
-209.99999999415923
-209.99999999999636
-210.0000000000009
-209.99999895917153
-209.9999997013756
-209.99999653392933
-209.99996737365382
-209.9999999730935
-209.99999994920472
-209.99999991586355
-209.99999961926096
-209.99975747423832
-209.99999999866122
-209.9999999691363
-209.99999996293718
-209.9999982429672
-209.9999992850244
-209.99999792795552
-209.99999997787745
-209.99999998605654
-209.9999502358678
-209.99999999464035
-209.99999999369447
-209.9999999999991
-209.9999978705846
-209.99999999547163
-209.9999999999891
-209.99989199499578
-209.9999980258608
-209.99999996494898
