-3512.402440507576
-2161.1197780062867
-4641.453333074809
-4265.472854882944
-4787.605076471693
-2635.7363647419843
-3549.536135805858
-1011.7555162862518
145.03430213762272
-4439.623462638236
-4768.464784859447
-4168.9797994042165
36959.567423764616
2326.2765719288946
-3517.0059345781046
-4786.413325977512
-2010.880384431206
-323.23500628059264
-3358.6887761449325
-3463.1153586588334
-2583.7191830384545
-4105.144809292571
-4890.529225391569
-4929.260068477946
-2730.4341064159526
-4889.251073322725
-4853.9416338613955
-3940.421908150718
16052.514324043179
-3696.1957435573568
-4776.036593524506
5175.326015131315
-3831.5511623874772
-1813.7376880048905
-4037.3579597611097
-4870.581292968942
-851.7118515963757
2779.4286636174293
-3940.4554185378947
-4394.498807355878
-3322.2399042596226
-4637.138965982129
-2200.66145985249
207.05065789888613
-3781.380319109652
-4751.961130519514
-1456.8788430509157
10377.903977330541
-4579.156242138997
-3493.3027943411435
