1.6440186965283207E-53
4.232414974885541E-56
3.689435429380351E-55
1.0993848651517816E-54
4.633305074175451E-55
2.3698417792555367E-56
3.63341954811052E-55
3.9614561099515453E-54
4.077038976302026E-55
4.127362733949149E-56
1.9359947138504033E-54
1.3047887785768009E-55
3.338197751241271E-55
7.330897843883736E-56
3.2296727855083415E-55
7.048739876144024E-55
3.2060683813010196E-54
5.308247915277501E-56
1.9583578543804114E-56
1.2070208930143024E-53
1.8672242569878745E-55
5.197410221482167E-54
2.452967919698543E-56
2.2884436486244417E-56
9.454849081833405E-57
4.430089861599777E-55
4.508621131575343E-55
6.206257480949641E-54
3.146323450699247E-55
8.36763211442297E-55
1.515887694869517E-53
1.1955673188703678E-55
1.7025866518296598E-54
4.6996817508312434E-55
1.2767004693556896E-54
7.007585061570605E-55
3.443346833673448E-56
2.9808678997207855E-54
5.61547292438348E-55
6.323707038198572E-56
1.3080583595232496E-54
5.2907622907886E-54
1.568785997366845E-54
8.863454513853474E-54
3.8225535755520097E-56
4.88230132122439E-54
1.3005613614873247E-54
2.7753777948960813E-54
8.257065462912876E-54
6.539152886543E-54
