11.632399297739651
13.179961572326372
9.906547366132786
11.518370434392503
12.757841198276788
12.869576569643309
11.809950231535224
11.043707733792791
11.864960061685608
12.371768045382348
11.133041015785594
13.58586554418945
13.544073684773807
10.066873299090492
12.353296715850513
8.401524621432737
11.954839188052983
12.37988491494583
12.690485825577166
12.662429028584508
12.5733399234169
9.385435301985346
12.595395260851161
15.9995006674664
12.413280781189346
12.186268497468753
11.161108234545516
13.500021774724784
10.923163806728553
9.604633794757948
12.60173112222918
10.213703227368319
11.753291279117903
12.23066590210507
12.029839188090847
13.267080395210533
13.030100539800463
11.356547501341865
12.516290494709182
10.768986737859313
12.595911746589685
11.371391311856204
12.206334814883588
12.831695138999004
12.263206846140488
11.457321859968921
12.156666150530256
12.367686588733564
11.001618999020007
11.365611698966424
