1.5654817087172774E-49
2.5030005680260875E-49
2.4528111095436375E-48
1.286535939577941E-48
2.1971635902672406E-49
3.446598573542243E-49
6.625815129868729E-49
2.0285391554392505E-48
3.3876971784707894E-49
3.0429812953292295E-48
3.373319504043056E-49
2.1541159517376976E-48
4.536831243615762E-49
2.4418882261859706E-49
3.91376416217571E-49
5.062855057968942E-49
2.912963243957872E-49
3.050419607620293E-48
1.9826101994016125E-47
1.418870888922717E-48
2.2428424022271105E-49
2.2043600112443336E-48
2.2890971614282355E-48
8.422401261353893E-49
2.2024396360044997E-47
1.6271155795088188E-48
7.767700127094956E-48
1.481317941587018E-49
7.097314294515171E-49
6.955352204665835E-49
5.441450729167794E-48
2.6383319691133042E-48
3.854485899240043E-49
1.077900723692551E-48
1.9723472427844438E-49
1.3044101935912983E-47
5.191732585725267E-47
1.5854815606515745E-49
1.9623434440571707E-48
1.121831767273688E-49
3.0719842394935076E-48
4.860379885938257E-49
1.6028037418697606E-48
6.449967458040065E-48
2.9384531899703114E-48
7.052015152226868E-49
1.583090732322674E-48
1.2217184052960708E-48
3.058741040668751E-47
6.8990550948123E-49
