106.00309489598764
105.40449367597515
101.96725866974197
109.26949610559188
114.51343683043125
119.20570977025749
108.91478292048113
100.98199926310889
110.85648018093748
99.53676723816275
95.40875964115659
116.23486040321093
85.6908070671016
121.20552074928297
104.90464307171973
128.01674609282176
110.04422907761047
107.39682219153025
101.71724560421217
93.39053683225504
103.80110472911785
103.96621141090444
109.71613641252233
105.92244858832792
111.96725927124345
108.73302620137329
104.37149955577453
107.70678729394822
113.38416743843712
113.39086893678392
88.46511458010069
100.4878296330474
95.47989337052734
114.83650364189995
106.41989467553158
117.26275984695972
113.03088891438117
104.55575686000856
99.63210683933846
97.6034007007894
114.09709539968345
119.75716126425638
104.45489318160669
96.76729873121721
95.8554704212944
117.90188655916425
116.63718338150126
113.27718830427276
125.89297479664411
105.13375307998886
