22.32764884904143
21.403817638978225
21.60794516326275
20.92088338268714
22.031422117632307
20.30267971982213
21.379774233564167
20.276987623270667
20.511044707892694
21.0409935373828
20.3398597198917
19.714130121912447
21.841506940888962
20.994980117343257
19.26674103133941
20.84513227672786
22.47345178557422
21.338160459944802
21.224487497174128
20.912883338248182
19.050833122802306
21.362115515298918
21.234322633581453
21.497576192801883
21.691926264705184
21.858037748286435
20.03456231245326
21.16054667344858
19.999754048409553
19.56521061066156
21.590715189368694
21.098697168116104
22.058869686181158
21.173413276493584
20.96716322864423
21.31542871683746
21.668791371436033
22.190721734200203
19.852343880192887
21.78751646003462
21.23075975974948
18.449985935122243
21.011087393472316
17.22940371441769
19.485754242318105
21.816024031971107
19.70092821938275
21.84310132753276
21.998934506156782
20.761167034110517
