-18.841840155022144
-18.622029013239725
-18.14723302552251
-19.4179349304709
-18.966509636560772
-19.37808956747636
-19.621219131706763
-18.900442598187695
-18.256726095755134
-20.575680587308213
-20.2519140772144
-19.990753363217806
-19.01662207011071
-18.572567175870642
-19.802928347413452
-18.708130028330704
-20.009497656290264
-18.87259841636055
-18.75025124153793
-19.469885548263434
-18.963316699128075
-20.182901789875444
-19.791949803104774
-19.452944104258926
-19.033346182743028
-18.835208735193493
-20.10350421355553
-18.637761514000278
-18.977349783470277
-19.530608067245645
-19.07487883769295
-20.196771990403988
-19.667804367290287
-19.168885415561416
-20.118379617986314
-20.19492012634257
-19.067295347165956
-20.675782231344535
-18.107092713601492
-19.286122613386322
-19.29346516321884
-19.31841390933788
-18.500275157898137
-19.57129952024764
-20.03764372577159
-18.71179586174662
-18.190867504267395
-19.337263711192147
-19.76001163246267
-19.367899868692167
