533.7985380850014
971.5486448771298
301.00578245414
238.77669115003664
1462.2261988997961
848.3309896151495
512.6386468059882
1377.1608100235253
563.9712828779075
1479.4200286345022
629.2622159539014
1252.2596124313932
923.5310009402901
481.0024752075733
562.2133844470764
792.4471820708395
866.2367072066827
884.0575256092816
573.5329705353734
834.440295416488
323.60151608431806
589.8595886991843
480.6201380275579
1154.5157557229822
357.10747044123127
908.2757493072077
993.9266613275477
712.1470671987936
952.0578554520007
1109.7140207945704
843.3113004801426
652.2895335572512
727.8212552781797
956.4177935992311
1060.3779916597023
1214.0299521143634
496.2214498086623
868.8379441207344
783.4751372860655
918.8730185423847
584.650394694474
1008.4508490484159
1374.7758187896143
956.3664855306106
751.0829726709326
647.3552039527221
565.7405107286322
726.9966208233172
478.3129755216505
959.003433003304
