-7.37229924776493
-8.643330491301349
-8.781653108332787
-9.126051848733987
-8.422675978855704
-8.601880037341463
-8.599250359117123
-8.376558615149232
-8.307641300085884
-8.125039368450011
-8.487720261466707
-8.32311616382594
-8.241480918595894
-7.731427324708919
-8.724832456502464
-9.085346474990036
-7.688553254935586
-8.183917615118574
-9.383864295120055
-9.108098261766967
-8.289954120422689
-9.552488813796241
-9.017642235615806
-8.517639815606628
-8.968524443632367
-8.724707577557588
-8.735581893003788
-8.880899767688243
-7.6122729062127465
-8.564514476342895
-7.675482747813715
-7.887872647322613
-8.78271435699067
-8.902375388126751
-8.95602502293017
-8.44778308853905
-9.29471908137605
-8.712681666544663
-9.159290811717952
-8.782080595885118
-8.907536074308434
-9.124932146171634
-8.06536349174983
-7.895097793772776
-8.444436386698728
-8.578085244320041
-8.833321869823305
-9.13019227769404
-7.847744163650798
-9.03750958268236
