-20.274015462606393
-19.997486970865673
-19.788154179388066
-20.198265695379337
-23.785692755595285
-18.46000202143957
-19.89107496509087
-16.79733755293199
-20.30112508811709
-19.607034023171693
-20.132678539825946
-17.968001233672744
-18.112861833001027
-19.29104946118225
-18.788912002172484
-18.938308269152028
-19.849140185751107
-18.96391403256529
-18.10170027089113
-21.560061091093377
-19.52424662676691
-17.043277808743273
-21.734837561786886
-20.232435107765053
-21.0106613556253
-16.92114378768187
-19.711333110410813
-19.115891565736266
-17.59177271326276
-21.76107694184994
-20.009991519524373
-19.277623817464352
-19.846744317386275
-17.828608233321944
-19.0207326059553
-19.443911527094915
-19.344287120770595
-19.83143181283802
-20.13757299700768
-21.76338784030152
-21.45389827450538
-18.422765123678513
-18.43714383382099
-20.372848524719497
-18.306389202446656
-21.349541480307682
-20.39030568749079
-19.755035641764934
-19.277417982890466
-18.370002975917295
