-13.815906812875784
-13.492515956279078
-14.127922305644853
-13.497503650883301
-12.201720395554057
-15.743774373216894
-14.806101368497199
-13.978751116838898
-15.25781747904771
-13.750792222458463
-12.23373233052559
-14.936432011037736
-14.34662331903205
-12.891983472574742
-14.170905141601072
-13.661467200808277
-15.804546421967077
-14.034237527452923
-12.18578083707246
-15.045465913616269
-14.722000896373704
-14.587161730810378
-16.258870335576535
-16.59093098478123
-15.569993263343976
-14.875579139855716
-15.00732535817424
-15.234539560910356
-14.554060065912108
-14.486690547230381
-12.44715756209411
-13.572193058835406
-14.36164129328891
-15.832078013630163
-14.80926389831017
-14.35211267955167
-13.03651562392186
-13.112998744000977
-13.642512926280112
-14.115583774095871
-13.200055816105088
-13.977973759766718
-15.075512388141416
-15.39188411864738
-15.295460349910728
-14.663295065804636
-15.981350296838944
-16.067968185937765
-15.383073286665274
-13.221624767240366
