-618.048510805995
-672.5425570511893
-652.4411319381003
-676.9639759468556
-594.2319337881288
-669.4673580544999
-683.7437231981455
-682.5475877360503
-671.9239371909199
-604.2783252751816
-687.3730149801526
-616.0612567393204
-646.2769722777036
-677.4360672017049
-638.254179190362
-656.2743475196913
-650.2490617321452
-651.6538773430244
-620.5112579657176
-688.8089317228922
-678.6031678200623
-679.1435193917587
-627.8646976982429
-646.72230549347
-693.320082739468
-667.9790584446351
-669.556776944515
-628.0950275522807
-585.1232631121744
-672.022570880438
-633.2289919801578
-665.7728267523477
-669.9628188558765
-655.5592345908368
-679.351529679985
-663.7700561926442
-667.8361693209621
-638.3189852992015
-669.4507317866482
-647.5980403206495
-659.2511829841462
-673.902611257974
-597.5854207253547
-686.7615767557571
-627.3079306930442
-637.6014399793644
-698.489864861873
-659.7551157333869
-699.1337659644427
-681.1375163408047
