-153.7048630449758
-124.79513306921751
-144.3999166858231
-143.77425810097725
-155.16712698491756
-146.0051291039524
-134.97220920310144
-133.35134344775213
-147.03148836999083
-176.49235915872578
-152.59438027606734
-136.29971576788023
-129.02183810598638
-142.35368276818497
-153.981556025062
-126.77244898224967
-116.57829725949682
-124.12464053704298
-146.16131369547747
-189.41130182204734
-123.22023532638104
-137.92280226239302
-136.38216069256305
-119.7015077745682
-157.32914422349745
-131.4037017396488
-120.96226793545463
-148.5676182918926
-120.47303604048625
-143.42067657548773
-132.7902693029955
-134.92713953591237
-115.57908784176595
-134.72448305272223
-145.3574105312249
-152.88368700204705
-127.76823716110994
-134.6748214243321
-150.6372129184101
-134.36703324977714
-129.8214118195615
-146.5606982400517
-120.45185723431837
-137.11624764973806
-123.07244939412021
-122.81420115560888
-151.91634496511665
-158.15737974619083
-144.0008659171625
-128.7479004521049
