0.3659754223929431
0.09945349597970989
0.09384982161281791
0.09481319867452079
0.003314797868252047
0.1823091938747977
0.18168037081983404
0.097215502766576
0.23205578373265248
0.18667598495417329
0.09558451599391861
0.09571149779597908
0.10824182594278364
0.010423894921516446
0.01090029368306697
0.08760314012563224
0.09946206622530486
0.0963559576037701
0.09269215168283612
0.2784966265752524
0.3673854710184774
0.008534477214679587
0.005424875125077517
0.18476273214662525
0.005634264219423926
0.092780557360087
0.18627974772078634
0.09595723420987386
0.09183053106893278
0.010335289293935507
0.004797319331217419
0.004536480732976081
0.1828617456273742
0.18531168137532134
0.10444382927401547
0.27736244519344694
0.006448710281147424
0.09646543643521698
0.0957286132137029
0.19262167086108048
0.09671779166972092
0.1250627520882522
0.17580824442496445
0.27372239381714314
0.18723987154754998
0.1838081240744521
0.19100002907174987
0.09134113937114582
0.0056164858502130545
0.004692071358908624
