0.371776375905933
0.3016830530102654
0.5474420469359748
0.13456806305404334
0.1040999865124985
0.45983682165560996
0.12215961577183504
0.7342421741209673
0.3800731285552941
0.19862955830185505
0.9827318544894391
0.028300924816969702
0.1913608019489571
0.2831161118323236
0.4734547156479613
0.29225106964169256
0.28844445051649936
0.025359927072636356
0.46224351775502764
0.2835058823693799
0.128981123953906
0.1749038902586944
0.28446910004038595
0.10437673327250574
0.20311916860025575
0.10165601200165202
0.19150810344015728
0.1525665543588234
0.4639670892762014
0.4738085047295538
0.34714170396424693
0.3064203382991318
0.37871635915299906
0.019598542127376033
0.17163008878304523
0.24674127727013465
0.20170212815415495
0.3689933822053885
0.2922343534643967
0.01856959345123851
0.6066656372701401
0.19961010056040301
0.3209128110888585
0.11443845891576998
0.27781820781839717
0.5994221714676465
0.1188249250029129
0.10781296075971845
0.29348693659505676
0.44702269741070316
