-360.54000379406693
-385.4278379113068
-361.57179878859273
-389.54413531147895
-376.8600693592604
-347.9090199407855
-388.53421023430946
-373.8971330753349
-372.65633891001926
-389.73320470657876
-376.8635200066892
-376.6414963961172
-360.539024185528
-389.77387459543206
-374.70173304181714
-343.6489579796106
-388.2978670863723
-375.2401462420758
-389.68728344958055
-362.8019336304733
-373.0504764643617
-361.046900123195
-390.0336758944001
-374.156635969923
-349.15565719277635
-375.75565347745106
-371.2476038075508
-375.98460426130714
-387.710100323758
-372.2355541696705
-354.29784600592643
-389.03950405159395
-347.1611733962808
-362.46410148381295
-377.05982265496743
-359.89674958700357
-360.6295690363186
-360.92297826680533
-359.7173543974837
-375.6691288717704
-360.83799319105714
-376.3717919756005
-390.02585998730035
-375.757326269077
-360.34953591817737
-390.95660917367303
-347.6692770390205
-374.8901605031251
-375.8306528550494
-391.1469618202268
