4956.415225779296
4672.675081663494
4070.4857660558328
4945.138809604036
4454.475202658408
4599.885777174955
5341.697238275932
5218.979340486396
4453.964868270601
4809.292855488134
4993.52115786258
4293.507808343475
5040.208226070388
4467.486370356344
5003.856390877458
4584.85401838884
4660.502922552895
5330.872067491458
4861.069962449005
5192.172960995633
4750.682111945764
4642.462602766715
5159.058615776756
5047.037166537737
4893.078824744399
4644.503248716412
4309.222750548724
4880.164170420965
5323.28103657791
5137.1119706482
4472.959400155125
4891.384347145509
4826.4120891019775
5016.691300583856
5023.219707767043
4665.499622797926
4187.379882973859
4439.022203867904
5243.250310430976
4796.377502494595
4593.908836552601
4724.009847079017
3948.427231818053
4843.866257511785
5052.421575080052
4702.534971210487
5080.835724290246
5233.638262664497
4447.896238973998
4828.904969420992
