-33.61590409017587
-95.82260765896216
-74.64864356040107
-68.09622923764445
-78.8153861905103
-57.06524142644561
-71.64516584613126
-85.48345562739229
-50.399458818617205
-63.76713866972097
-81.60087526841485
-64.34251980436139
-44.37978416733809
-82.70851671959421
-70.74022514239294
-88.58710866279283
-61.51322492533939
-43.26240081948237
-89.64879127154317
-60.025607782928255
-39.5451478691848
-49.17957157762057
-70.06052198923372
-67.8828879394514
-65.02700411223404
-47.46079428839424
-57.73021034495562
-78.55240887687626
-39.71451999960603
-23.469224299823704
-44.54355413358381
-82.2889687849027
-48.52597377286344
-77.18836704438702
-44.08793936820238
-73.91344754526042
-84.40312844952233
-35.47731072239881
-59.46539318172251
-17.10544805417547
-32.56834096885158
-62.46080730740857
-35.4438587083001
-60.57191863070877
-61.300071890673166
-37.671623385747324
-46.62873814125071
-29.216347350326437
-50.879133772784726
-47.51950373905148
