2.0396579832247487E-4
0.09001269230829988
0.0011213531426955664
0.0012094018324713082
0.0010108141042380681
8.406134314567559E-4
4.685080495761631E-4
0.001985228571458698
5.49264465143327E-4
0.0011201872249089887
6.922135516294793E-4
5.676210193033492E-4
0.0015786859057408814
7.072497292064683E-4
0.0014642149190611845
8.016792077033881E-4
0.0012111100647829282
0.08997276582460785
4.96150482118812E-4
5.468800613542189E-4
6.115150916305499E-4
0.001293812062697802
0.0031064383640852958
0.08995858744263766
0.0031140860312304534
0.0014714744568923854
3.6477472022942005E-4
0.08998070542441745
0.00216236705496535
0.0034140864724716605
0.001022161065436198
0.0897990967742905
0.0011638245571689095
0.001003166836363269
4.341432923851532E-4
4.2610323350972745E-4
2.070244405127532E-4
5.07366542537359E-4
1.4208605437923035E-4
0.001986667016104997
8.61767042981246E-4
4.439228410920501E-4
2.3494942133473154E-4
0.001490551539791117
2.1263564419603918E-4
8.176110591250941E-4
2.3707708278422238E-4
9.942920834168103E-4
0.0015328478245787687
0.0016344812647819448
