8.738228596695746
8.740642223710763
8.50405675439171
8.59316979824199
8.475322582971968
8.529027063683793
8.701412634601395
8.748728050451511
8.72487604062727
8.59121870034341
8.351091641233685
8.402560941334368
8.770945828763015
8.62193681814623
8.674851558783516
8.736460403108246
8.651413715599222
8.713778297995027
8.566547295139074
8.51079578643111
8.651984180056528
8.785853284837529
8.69798667162202
8.69694239881012
8.713608892942775
8.825358431629919
8.808098811728394
8.44464465330632
8.351629341482624
8.771446723481784
8.54448213635916
8.821510254076195
8.65615233037921
8.412732209512301
8.635064634497741
8.734274924408034
8.638614167420156
8.737638988676437
8.49111944064801
8.692014893462035
8.859389983668688
8.863502712261159
8.387718031645772
8.860390304616752
8.497393781693493
8.470034895510409
8.399888449434995
8.656533890711115
8.654460206629178
8.24330867185024
