-5.287765163980795
-4.0624841346358025
-18.04317319871761
-29.114499165954662
-7.35577568436366
-9.02495960014027
-3.9529996885424623
-12.424939379477212
-27.617156870186346
-12.420504626633033
-8.486098022763253
1.2885079038752743
6.845611199777567
-8.757831308621356
-0.11091742950682892
5.577879328780256
-29.373175185765902
-43.22189435101943
-22.779903610549056
-43.204184407477
-12.038746186593647
-21.528445042435386
-29.718722943789693
-7.77685001148404
-1.2597589373274545
-13.920513933910804
-17.748729390325494
2.952790543511151
-33.1395379367342
-0.3355613105223405
-15.702598255753973
-5.525494182265261
-0.9280731592112215
0.29132156610611304
-27.776496159931973
-35.01602057073505
-42.51289789148799
-41.86042776932048
-16.38485553060208
-4.6199998728512455
-11.884816081579672
3.916167167915127
-5.323411585395192
-12.360809383289627
3.9703509383933824
-1.0453931721056158
-23.66999385896072
-18.75046279793804
-5.621364659907906
-38.144457117799774
