18.783276504638575
18.72631249746492
18.7371027470052
18.76921478654182
18.784340744128173
18.5419430617174
18.595713031867728
18.71404625144149
18.570364592118956
18.779619513191697
18.780858600746164
18.74988850628882
18.72583036097551
18.557618812615672
18.68719476918318
18.78066470832922
18.60565388051561
18.778609187592103
18.812185071503258
18.755443264240853
18.75808695273889
18.774372081463806
18.802405459553672
18.805298030515562
18.817757593636287
18.79294331387488
18.700058346570707
18.7768066033653
18.796499010759092
18.751865495666305
18.60209236924936
18.712829849830523
18.749563210947606
18.76252143943037
18.708764016742364
18.609079774187386
18.72067893333596
18.61319280925973
18.602797772178764
18.58429595219851
18.78801407951387
18.707344915902777
18.798967629151615
18.680123912522436
18.799639634363864
18.666824596346167
18.775470617967176
18.752186268156184
18.799813102123494
18.73478093162644
