2057.997862873653
1878.1028415662904
1672.6733173359685
1439.2715221163076
1579.7715942891177
1897.728319037316
1468.7265374143462
1996.7690590404618
1803.2405696776614
1825.2817782766788
1571.5201975224577
1928.7900950691878
1339.9355282059419
1691.3844413376019
2000.4242684519013
2216.332774112266
1813.5771864894377
1792.5397930222648
1644.6313376544408
1880.7684846929224
1722.5103401557312
1425.8982246336845
1513.2904823133022
1511.5001923976156
1392.2228777171317
1896.3485654208675
1882.5915635896558
1855.989500614156
2016.052665455998
1634.710934212152
987.9739989266686
2091.591945012539
1936.2426382197991
1665.488949585491
1845.6596166014642
2050.448709897655
1864.536262830518
2216.1302163660293
1801.7939649075215
2223.557687189973
1492.122582772563
1850.2633816796988
1921.889305405663
2100.24932884994
1975.9305443465996
1573.5878869355556
2031.5342154107148
2074.9198316000397
1826.5215475913683
2001.9036470790224
