28.71758590347485
28.483007479489675
28.693038264100835
28.67455226199976
28.564936452999945
28.64934458419779
28.619784873486
28.666416735809165
28.66260206629843
28.687781577994507
28.649210246453933
28.72711366536828
28.69408438701494
28.697597014670517
28.650601566070204
28.701222675907985
28.6777355251559
28.720241928499032
28.665449518269334
28.677048918798494
28.687058142254998
28.689820012158755
28.538719486169214
28.66788406576382
28.68390413476298
28.678487667412707
28.49591360853089
28.70236873430823
28.68099992035693
28.699784001132493
28.65925204417042
28.677404571917606
28.72512218989879
28.58861444759635
28.631115942556672
28.69712610652711
28.6909910731926
28.615726658182904
28.70562228234329
28.667147632409595
28.624816043720145
28.693412270848956
28.6737405804716
28.698955832657955
28.610957971762005
28.687741441499373
28.672483483609323
28.69748054283079
28.698377077624038
28.670071005828216
