8049.94830638004
8364.263599602464
8099.960388540256
8102.820319096554
8022.474774025561
7872.996398680005
8545.901417079982
8605.93734025717
7700.264656555299
8247.430097920856
8396.653150500428
8039.004598770146
8126.094100373478
7381.7251885955775
7689.037423577922
7243.54336430388
6288.016604514163
7653.35651968179
8777.624173040927
7286.869014048536
8423.646425454206
7455.163895162888
6469.201827601957
8169.73945577191
8451.900186234903
7855.560501221598
8104.316771039432
8686.576562956874
7835.205566661461
7797.88260231208
8214.041283330997
8179.325570290821
7848.357559375289
7397.295510302975
7976.465864995256
7271.638273243593
8067.502467939803
7976.792599010639
8000.265256419325
7170.49802954264
7807.764998146437
7838.602212590344
7341.926816213289
8295.190238050618
7517.100995050401
6714.91458064807
7941.658091387297
7300.518368288692
8488.885591741706
7954.486175532291
