-899.1347010216188
-896.629607399366
-905.9145125127175
-873.8895613329552
-866.5271250978856
-872.8151421038692
-869.0973047545174
-930.2560927502453
-831.399288287619
-909.0210657546961
-891.9590743013566
-827.5532236701877
-899.1199241491447
-957.3746476948501
-877.8041956416874
-864.5622719224974
-890.4389752643727
-900.4242990145439
-886.3827231638559
-984.6695262582864
-831.3891284803449
-853.7927299941467
-907.1381373385998
-834.6855706511266
-874.4017947698335
-875.5765202391566
-899.0691669548531
-862.3865814830141
-851.3092242571255
-931.8813873196794
-838.4450494113746
-857.2249418632854
-888.0937515098143
-887.9685736838469
-949.1504030200259
-890.3505390302132
-883.2012397990336
-851.6140139073474
-889.2235660343026
-926.3370961703505
-917.8940501870441
-822.0082806094107
-848.6856840875308
-866.1670629891655
-858.9409620594109
-929.0194975008858
-847.6658454378265
-882.4913389664883
-866.3096334442281
-880.6326001794291
